64
64
-19.405
-8.986
-3.734
-3.584
10.722
2.654
18.765
-16.760
-4.867
-3.979
-17.805
-18.660
-6.576
-10.474
-17.830
1.379
6.416
-12.229
3.363
-15.254
19.767
11.935
3.385
-6.370
-19.536
-5.619
7.647
18.307
19.427
-15.683
-4.227
-19.548
10.529
15.334
-19.772
13.733
-7.600
7.081
-9.297
-9.441
8.472
-13.788
15.317
-0.029
-4.429
11.405
9.021
5.900
-13.070
-16.426
5.127
-3.915
-8.659
3.464
-17.537
-18.727
2.751
6.872
11.983
5.471
-3.757
12.367
-9.638
7.305
-2.195
-4.556
4.803
17.722
-13.711
19.755
13.173
3.478
-4.781
-3.935
15.122
7.485
-2.398
-5.602
-13.537
-5.324
4.604
-1.494
17.762
-0.579
18.352
-15.177
-12.052
-7.527
19.070
-10.008
0.082
-9.840
8.655
-1.347
-14.472
-14.900
-18.562
-19.703
-10.572
-1.178
-0.645
12.758
6.211
6.350
-10.081
11.116
2.083
-3.554
0.699
5.561
6.430
-3.739
6.814
-5.503
-14.329
7.490
-10.014
-10.525
-1.675
-7.822
-12.232
-8.897
-5.144
-12.000
-17.206
7.037
12.748
-15.825
10.708
7.746
6.042
-14.558
-0.426
-15.784
-4.773
-12.657
-9.190
-12.990
8.672
17.029
19.534
12.761
-19.318
17.257
1.303
3.385
7.695
18.509
-10.251
-0.008
11.822
-6.815
6.942
-3.605
-13.231
-11.104
-10.723
13.389
-9.382
4.904
-11.232
-18.944
-13.703
-3.475
2.318
-11.741
11.337
-18.193
-16.006
18.334
-18.590
-2.802
-18.316
13.681
-12.072
-16.994
-6.480
19.869
-3.994
1.487
-17.106
-2.658
-4.987
-5.354
4.436
6.257
-1.792
-10.614
15.426
13.521
16.483
-9.644
2.175
-15.336
-13.355
-13.406
-19.948
-13.075
13.955
-3.775
2.051
7.100
-12.058
-0.766
-6.295
-0.421
-15.469
-2.375
-11.484
2.597
-9.184
-4.159
9.897
18.882
-11.076
-19.971
13.185
-18.690
1.417
-9.794
17.834
4.649
6.403
-0.205
18.599
2.749
9.070
-17.836
-16.502
-12.736
18.322
6.399
5.996
18.449
-17.194
15.823
16.609
-12.255
19.737
-17.230
12.779
8.996
9.848
15.768
-4.403
-5.449
0.987
18.474
-7.025
2.900
-17.705
-13.066
-6.150
15.506
-6.478
1.762
18.356
-9.838
-14.821
18.163
13.743
-10.977
-3.947
7.171
-19.788
10.250
-11.244
0.761
11.258
18.173
-1.215
-17.225
-17.788
17.122
8.282
0.257
9.746
-6.364
15.099
3.171
-11.853
7.371
9.650
-13.927
-17.861
16.885
18.676
12.577
-18.872
4.222
-12.133
11.520
13.565
18.179
-3.421
-0.478
18.373
14.056
14.008
-10.253
-13.286
-5.088
17.396
14.264
12.731
10.017
11.992
-13.068
18.934
2.086
2.841
-14.461
7.226
-16.462
8.341
7.951
14.676
8.135
16.904
7.399
8.415
-5.376
15.365
14.706
-8.720
16.192
3.341
-17.063
10.609
-8.756
-13.364
-0.722
-10.305
-19.383
-19.391
4.247
-7.759
9.271
-12.303
-10.464
-10.786
5.501
-0.555
13.549
-13.570
-13.421
7.854
-8.410
14.792
5.721
-11.471
-18.659
17.679
-15.722
-18.089
-6.748
1.701
17.093
11.426
16.075
-7.368
-12.915
9.445
8.509
-3.333
-13.445
13.320
-6.260
-14.258
-3.293
-3.960
-3.128
6.139
-6.908
-3.929
10.413
18.475
-10.010
-13.033
7.695
-18.884
-11.322
-3.261
17.414
-9.594
1.825
-12.650
3.786
-0.467
8.743
12.061
14.309
17.760
16.588
6.267
13.777
6.549
12.939
-4.547
10.848
2.208
-16.128
-6.110
-7.167
17.185
17.980
6.355
-5.884
14.257
-8.726
14.155
-15.654
-13.570
-0.474
11.555
-19.193
18.538
6.991
2.967
18.891
14.620
-2.691
-8.078
16.441
-6.237
-0.316
-16.671
-17.822
14.126
-15.964
19.030
-5.798
-15.031
2.039
11.171
-7.257
-12.130
-7.387
-5.849
1.357
4.762
-5.492
17.759
3.023
5.146
5.955
-1.954
18.518
-5.418
10.239
13.258
-0.206
0.494
13.219
-16.704
-11.292
-12.998
-11.636
15.676
-10.376
-7.097
7.056
3.993
16.257
13.860
14.512
11.230
-19.083
18.509
-8.721
16.720
-15.631
-11.420
10.678
-18.442
-3.834
-3.577
-12.491
18.650
-15.659
-17.089
-13.509
-1.765
-15.082
-3.642
7.321
4.653
-16.742
-0.348
15.099
10.607
-13.254
-4.846
-16.416
-8.599
18.092
-2.587
11.945
4.156
-3.096
-0.834
-9.901
-7.249
-3.103
-8.014
-3.011
4.939
-13.923
13.808
6.970
-9.798
5.885
11.861
2.819
8.102
-3.533
19.843
3.775
-9.941
-4.907
4.378
4.092
18.504
-6.584
13.134
3.827
17.526
12.925
19.779
8.255
15.093
2.614
5.344
5.105
6.418
5.140
13.397
-14.452
-10.901
10.385
11.284
-2.247
-0.397
-3.318
-4.217
3.889
18.847
-11.582
12.928
-3.158
-13.395
3.616
-4.729
14.287
-15.841
-19.565
2.994
17.894
7.663
-14.451
-17.015
-16.980
0.763
-17.911
-1.761
15.810
0.988
12.426
-11.320
-4.014
4.248
-7.839
-12.765
18.653
12.065
-19.315
14.493
10.591
-4.400
16.126
-10.553
1.007
14.835
5.898
13.913
0.321
-10.328
-4.226
-5.571
-17.724
2.564
-10.455
-16.661
-14.682
19.102
12.333
-15.907
-16.462
19.492
12.129
10.360
-15.081
8.222
13.634
-19.088
5.113
2.187
18.651
13.809
-5.678
19.655
16.698
-10.005
13.901
2.335
18.981
-16.247
14.417
7.126
-0.859
-19.889
19.724
-18.366
1.707
-0.220
-1.465
10.306
-0.777
11.526
3.108
-8.329
-8.063
9.529
-9.631
-18.307
-7.050
-4.268
-15.002
16.990
-17.359
4.672
-19.882
-0.414
-2.651
13.918
-4.107
-9.571
-10.022
-19.592
6.577
-8.753
-15.759
-8.204
-5.056
16.017
-9.689
1.210
-13.947
16.487
-9.322
1.359
5.584
-14.002
18.600
-0.713
9.715
-8.053
-12.274
19.231
-4.709
17.540
-14.418
-15.894
7.238
-6.666
-5.352
18.367
-1.707
-7.627
17.070
5.081
8.510
3.165
3.051
-12.494
12.907
18.218
5.040
15.061
-13.970
-15.005
-18.703
1.952
7.309
9.397
-17.027
-3.692
8.620
2.312
14.753
-6.452
-9.161
-1.758
5.280
9.649
6.100
7.121
-13.350
5.344
-19.120
8.382
-12.189
-19.031
6.982
2.648
-13.924
-19.677
-0.206
2.936
9.888
-7.719
18.431
-12.157
-17.518
-14.764
-9.480
5.798
-19.463
-8.822
-7.333
16.865
6.910
-16.842
-10.074
-3.476
5.092
-16.304
11.779
0.635
-5.667
-16.334
-2.185
0.681
-19.071
12.887
7.543
-3.327
-15.678
-11.145
-3.172
18.140
-6.359
15.932
18.182
5.105
-17.921
0.090
-18.305
-6.691
14.775
3.142
-18.038
14.813
17.719
17.226
-14.060
-12.497
11.173
-16.182
14.533
15.431
-9.670
1.289
-13.282
-12.453
19.175
10.410
19.211
14.806
14.738
7.572
4.023
17.435
-14.144
-14.856
-11.491
15.266
-2.591
3.263
19.491
-17.296
10.772
-11.387
-13.968
1.887
5.985
12.171
12.717
-3.484
-16.550
10.129
10.074
17.379
-4.750
2.987
-3.147
14.189
0.869
-17.207
-1.564
-15.477
-9.132
3.984
18.784
-15.271
-2.782
-6.768
-1.661
-7.924
6.962
2.530
-14.931
-6.869
-11.572
-5.894
5.346
0.066
-10.024
12.099
-3.436
-14.805
6.851
-19.592
-18.917
-18.822
-17.821
10.829
13.264
-11.890
17.203
14.645
-7.452
-4.873
-1.750
-17.267
19.912
11.946
-5.550
19.940
16.008
-17.040
11.835
16.445
-4.898
19.271
-12.164
-11.450
9.679
7.082
19.007
4.253
-5.464
17.638
-3.266
16.742
-17.037
-1.646
17.897
-1.951
-4.624
-7.761
-14.000
15.600
-15.935
-8.432
13.331
16.013
19.221
-4.812
-9.013
-14.949
-19.142
0.809
-5.877
-19.698
18.107
6.061
7.207
17.709
13.587
-1.542
-11.534
2.976
9.242
15.482
18.821
17.744
-19.713
-4.553
18.621
-15.474
-8.820
0.748
19.806
-17.662
18.444
-15.701
-0.399
-14.601
-10.932
8.401
-18.661
-11.896
-10.205
-9.310
10.749
13.056
-1.224
-15.204
16.433
-12.172
10.507
-12.294
19.790
-11.660
-7.065
6.761
12.653
-0.857
19.378
-16.449
5.066
-0.107
-12.680
-11.177
13.536
-5.630
3.037
-6.557
-10.402
4.199
-8.659
-5.739
-18.621
17.136
-1.376
13.663
19.932
9.270
11.998
14.284
-1.483
-10.679
0.416
9.455
-4.323
4.440
19.785
-11.855
15.174
-11.096
-14.101
-15.650
0.307
11.139
2.817
-0.474
-3.013
-15.774
-13.503
-4.945
9.886
-18.526
11.878
-1.031
-8.960
-2.891
-9.243
-17.994
-6.726
12.007
16.715
16.041
-12.428
-9.774
7.058
4.037
5.294
-10.434
19.731
-16.495
-8.221
6.015
-5.482
-9.794
16.632
10.036
-9.748
-11.014
4.908
-13.626
0.583
0.858
-4.608
5.839
7.757
-3.468
4.673
-12.775
6.701
-19.613
11.801
15.748
-4.416
7.728
0.404
-10.663
-2.960
15.929
-6.018
-0.582
-13.745
11.405
12.651
2.798
18.054
14.126
-3.619
-6.554
8.198
-15.205
10.499
-9.367
-16.029
3.207
15.930
7.338
-4.138
-15.611
-16.349
-11.278
2.158
15.129
15.280
15.027
-11.491
3.134
-0.385
-11.136
-19.707
-19.843
17.431
-3.531
16.186
-5.197
-2.772
-19.513
11.608
-10.729
18.463
4.822
6.836
16.737
0.256
-18.289
2.368
-11.601
-16.051
-10.559
4.103
-4.831
10.702
8.648
8.844
-6.089
3.246
11.258
1.454
-3.534
-7.150
14.009
8.532
-7.174
5.542
-12.116
-6.400
-9.449
8.595
-8.742
-4.256
13.425
-8.128
8.066
-3.995
3.738
4.161
-13.328
10.126
16.350
2.566
-19.291
-10.356
-2.053
13.018
1.306
-9.647
13.754
-8.074
-11.574
-18.480
-2.404
13.777
14.671
15.693
-7.094
18.944
12.890
-2.454
14.771
-15.370
19.206
12.171
1.092
19.403
1.162
-7.828
-10.136
12.911
-13.376
-11.138
-12.453
8.465
-0.370
-3.040
18.836
3.440
19.754
-2.251
6.546
2.164
1.972
18.387
-6.331
11.872
18.139
-6.781
-7.768
6.274
7.156
1.850
-9.809
2.424
1.864
-8.580
-9.345
-1.984
16.732
6.219
-2.727
-13.112
-5.562
-4.748
14.525
-3.053
-9.665
7.409
-11.480
12.190
2.563
-5.869
-7.487
3.295
-19.549
-2.838
14.875
13.336
6.974
6.782
-1.869
6.781
-12.705
-4.659
-9.921
4.950
4.095
-3.247
9.067
11.527
4.462
-6.577
6.842
9.383
-17.674
14.900
-11.216
-18.348
-5.683
4.496
-2.012
-19.750
-15.661
2.854
-6.550
-17.039
-10.383
-3.281
3.441
5.588
-10.517
16.372
-19.042
-14.402
13.815
17.276
-9.168
-3.460
-15.924
9.612
3.319
1.856
19.692
-6.479
-16.891
-13.515
8.416
18.056
-3.293
0.361
-12.398
11.819
-13.001
-16.247
10.356
-19.621
-19.327
-9.279
-6.259
-5.014
12.509
-1.099
10.420
-7.459
-14.426
6.427
-4.117
-19.533
10.177
-16.017
-2.581
-6.581
13.738
-18.426
4.057
18.086
17.324
10.448
18.002
-9.696
13.873
1.026
-4.868
7.888
9.987
-16.690
-9.077
-9.241
3.308
-0.913
-9.153
17.867
-5.836
-12.238
-6.416
-2.580
6.367
-12.564
17.104
4.885
0.267
-9.404
11.399
-1.961
17.754
-3.728
14.292
15.189
-8.952
-7.647
11.446
5.627
-2.091
-6.611
-3.842
18.709
-15.184
-19.850
-1.283
-19.633
4.908
13.185
-0.663
4.714
7.844
6.057
-8.173
6.207
17.729
-19.601
1.978
7.048
18.562
11.438
9.577
5.512
-18.402
19.123
2.999
-19.677
14.802
-19.273
16.719
-14.717
-0.620
11.498
-1.424
12.475
-11.648
-3.449
-4.359
-14.641
-1.602
-2.962
-11.712
2.278
-5.094
3.760
19.325
6.032
13.304
8.298
-3.272
5.877
-4.051
6.209
-2.054
16.693
-10.597
7.401
-2.054
4.488
-13.026
12.098
-16.469
12.301
1.049
19.320
14.775
-9.442
6.204
12.429
5.465
11.825
9.796
-14.850
16.075
-8.814
14.959
-11.385
-11.705
-0.611
14.609
1.870
-1.402
15.065
-18.773
-4.933
4.689
16.103
-17.558
6.485
-19.994
-14.870
-4.584
-8.131
-1.888
6.758
-3.437
3.310
-2.854
-11.882
-15.300
18.150
16.955
-17.656
19.630
-1.755
6.163
10.235
-2.297
3.820
-17.464
-5.533
-13.312
-3.206
8.086
9.025
-5.243
19.041
3.379
-0.075
-12.186
2.285
-0.757
15.174
-6.067
-0.472
0.713
-11.006
13.382
-8.060
-18.660
-1.409
15.537
-12.431
-3.255
1.826
-8.310
10.284
-9.891
6.313
12.909
1.432
-16.113
4.483
-11.908
-17.740
14.177
1.631
8.365
-3.200
10.773
-8.848
-18.779
-3.520
9.483
-12.386
5.319
-2.769
17.431
-15.282
10.204
8.546
-9.693
10.178
-17.440
17.226
-3.993
-14.228
-9.202
1.103
9.915
-13.728
-17.971
-17.464
-2.462
-13.872
12.629
8.177
-17.612
-5.008
-4.558
-4.611
-13.010
1.752
-11.194
11.881
6.981
-10.232
-0.112
5.604
-5.843
6.491
19.971
-10.073
-8.553
-9.780
18.366
-14.464
10.990
-7.304
11.857
1.427
-18.290
2.563
5.647
-19.281
-6.997
11.922
14.288
4.379
0.954
-4.818
-0.082
13.139
16.899
2.930
-17.589
-12.990
-10.751
-9.623
1.288
19.121
4.345
12.660
-12.377
-9.864
-8.027
18.637
-13.400
18.506
-19.696
-1.663
8.599
19.590
10.284
12.036
-14.422
9.203
-0.144
19.962
-0.991
17.310
2.973
14.937
1.440
-5.335
-10.324
10.068
-1.912
-16.315
-19.223
-11.340
-18.367
-7.413
2.882
-3.914
9.032
11.534
-11.080
-4.839
-18.936
7.746
7.176
9.540
-11.303
-19.725
-16.836
18.235
-18.099
16.461
5.863
10.293
3.651
-7.803
-9.337
13.466
7.726
1.199
0.625
13.391
-16.234
9.741
-0.904
-3.608
-2.151
2.081
6.949
6.992
9.099
11.389
-8.571
4.511
8.128
2.239
11.156
7.711
-19.615
-15.036
-4.126
8.831
-16.425
18.905
3.244
10.052
-6.168
-19.278
6.497
-7.449
-1.906
0.656
-0.142
3.592
8.618
-16.604
18.529
-2.819
-1.931
11.945
-7.735
-19.625
-19.091
-8.217
-5.316
-12.588
18.957
18.238
-1.143
-19.838
6.202
-8.105
12.588
18.012
10.883
12.394
4.958
14.411
-10.596
-17.030
3.298
-0.061
1.807
-1.320
1.699
-3.599
-9.138
-7.006
19.527
-4.477
6.912
11.018
-14.524
15.102
0.668
-18.110
-19.000
-16.729
13.117
-8.840
-9.021
-13.344
-19.450
-14.421
-14.790
13.011
-5.561
16.065
16.842
4.188
18.639
-16.378
-2.014
-16.417
-12.974
-16.189
10.140
2.575
-13.525
18.086
-7.337
17.488
9.047
-12.690
4.438
-18.106
-0.085
-3.861
6.446
-16.377
18.562
3.954
-12.957
-17.392
4.905
-13.007
-2.454
-11.438
-12.698
-18.884
11.623
-3.411
0.324
-3.998
18.909
10.791
7.868
-15.496
-5.742
2.629
-3.491
11.640
10.281
-11.191
4.029
3.337
-18.115
2.552
0.673
-9.024
-0.091
-12.892
-19.941
3.760
-1.838
-6.986
-4.874
4.764
7.426
16.328
0.563
-17.484
-13.031
7.591
-18.648
-4.560
19.254
-6.591
-2.866
3.894
17.937
8.659
-8.193
-18.983
-13.950
-17.378
11.193
1.025
-0.226
19.840
-7.741
0.503
11.806
16.579
-0.855
-16.404
15.711
3.963
12.027
-7.350
-10.324
5.656
-16.036
-17.322
-0.340
-11.137
17.396
-13.180
3.715
5.044
5.680
12.712
-15.936
-7.627
-7.704
19.769
-6.279
2.414
8.450
0.262
6.948
9.660
10.250
-6.001
10.097
16.602
-0.586
9.798
11.176
-9.920
17.545
11.495
19.311
11.069
-7.751
-5.644
2.957
-10.676
7.942
-11.482
-0.707
-9.762
-3.774
8.591
15.567
-17.691
4.040
-4.526
14.195
-12.012
16.023
-19.165
3.765
7.989
-1.489
13.046
-14.910
-1.790
-16.053
-1.454
2.351
17.113
-4.467
3.128
12.773
16.269
-2.496
-4.381
-7.311
-17.309
12.501
19.000
4.064
-19.134
-3.378
12.498
-11.962
-0.551
13.726
13.253
-11.990
3.385
17.959
12.207
-8.429
-6.095
-14.496
1.437
-8.554
0.403
-3.112
13.328
-11.679
-11.657
-12.831
1.117
8.582
5.644
-2.418
8.738
-2.465
-2.923
-4.348
2.593
-14.785
6.480
7.822
14.612
14.841
3.184
-18.673
-9.642
18.265
5.276
6.376
10.977
-11.029
5.175
3.316
16.013
3.307
-15.786
8.130
9.849
15.218
-1.797
-6.659
17.646
1.229
13.435
7.730
2.260
-8.447
-18.378
-11.071
11.951
16.264
-17.173
16.796
-3.468
-3.227
-18.580
-11.024
-2.898
-4.548
-10.047
-17.292
-2.279
0.221
-4.332
6.264
10.064
5.763
-18.739
4.529
0.956
13.691
3.372
-11.456
-10.746
-3.037
-3.532
-18.743
-11.075
7.807
-13.084
8.981
11.231
11.671
-10.092
6.496
7.438
-12.105
-4.068
-2.393
-11.439
8.572
17.496
1.857
9.491
12.452
-7.498
8.646
8.578
17.914
-11.743
-12.654
9.913
-12.714
12.988
15.371
13.589
13.995
0.146
14.020
-11.933
19.548
-15.845
19.126
18.593
9.942
10.692
-16.016
10.852
-1.123
7.992
-0.257
-8.042
9.875
-17.392
-1.809
1.553
-11.879
6.404
11.150
12.460
-7.428
-7.827
19.798
-0.725
3.001
15.489
9.103
17.212
6.366
0.723
-13.389
-2.675
0.817
-1.498
-14.087
5.903
-5.940
-11.960
-10.599
-13.057
14.584
-5.140
16.102
-8.361
-16.569
6.539
2.143
-17.644
5.289
14.122
-3.290
18.391
10.342
18.869
-7.170
-3.395
-5.450
-3.457
-14.930
7.997
-1.571
-19.028
4.096
-0.658
-13.842
-10.808
0.718
-15.659
1.519
12.423
12.967
-9.670
-15.068
-6.139
-0.379
8.728
-15.893
11.748
-9.938
-2.381
10.205
-18.396
3.362
-10.577
-0.773
-1.608
12.089
-8.472
-1.318
-8.581
3.666
17.394
-17.918
18.227
11.189
-4.186
8.752
6.039
-3.548
-18.280
4.118
16.053
17.366
-7.105
17.042
10.955
7.281
-13.238
-1.862
-19.071
6.413
-9.315
18.943
14.326
0.161
-2.350
1.709
3.186
-11.015
14.085
3.123
11.284
-15.916
-14.083
-16.680
-5.041
-9.397
0.127
18.002
-14.526
-7.407
-10.518
-7.518
5.377
-11.097
-12.652
-13.527
2.304
-13.352
7.404
-12.274
7.914
12.025
-10.469
-7.909
9.129
-6.529
15.054
-8.078
-13.864
11.346
-7.249
14.131
-4.653
-5.052
-9.126
-10.197
9.260
9.635
17.812
-18.501
-12.205
-12.946
-10.009
-2.928
-15.100
16.485
-12.895
10.817
-4.839
17.058
18.109
6.875
15.622
-0.841
15.903
4.703
10.169
-2.521
-19.099
-9.613
-6.453
-16.040
14.419
6.233
2.083
-11.173
0.632
-13.742
-12.317
14.967
14.541
15.639
0.121
-13.149
5.851
-7.044
12.829
-16.395
-4.569
4.661
13.721
18.453
-12.109
-13.514
-9.708
15.109
-4.099
-2.848
-3.309
-4.656
-16.340
5.845
-6.528
-18.784
-12.592
9.942
16.538
-6.022
-4.732
12.390
-16.988
17.654
12.736
6.253
11.026
-17.024
-10.761
-1.680
14.495
-9.039
9.882
-14.049
17.967
-1.310
-19.296
-16.647
3.983
16.775
-2.227
4.224
-6.401
-5.399
16.665
-7.276
-12.735
8.387
-2.427
18.893
-19.373
-4.182
-6.738
-9.339
18.976
2.847
-3.100
7.474
-17.719
-13.084
8.663
15.922
1.475
-15.786
4.776
7.394
8.545
12.074
2.510
3.261
18.520
18.743
-6.918
6.445
8.822
4.269
-9.352
16.293
7.577
3.317
19.667
13.912
16.077
17.749
12.036
-6.785
0.594
-1.455
-1.467
-17.985
-19.133
18.909
-19.236
-5.558
-9.622
17.625
2.015
-14.612
-12.548
8.705
11.062
17.488
8.231
16.783
-19.694
16.202
-0.658
10.256
15.512
-0.900
0.665
14.804
-13.278
-10.649
10.517
6.164
-19.705
-3.350
18.173
-5.140
4.728
19.128
19.520
-8.967
-11.034
8.763
-10.523
1.767
-13.937
2.586
18.338
17.686
9.317
18.993
-1.102
-0.634
-11.058
7.034
-13.819
16.219
-11.641
-18.813
9.652
9.126
17.623
0.899
18.789
-8.803
-5.617
-15.912
-18.386
-0.728
-5.545
1.969
4.370
-2.206
-18.484
5.497
-10.235
-10.586
12.760
19.960
2.022
9.897
-15.244
15.721
-18.055
17.314
10.111
19.906
-13.364
-16.967
-1.385
-11.226
-16.515
-19.009
-3.175
-6.443
10.171
-4.402
-18.246
19.801
7.233
-2.098
-7.721
1.294
16.700
7.208
-18.811
-5.175
4.829
-11.694
2.565
11.809
7.401
7.245
-10.611
-14.653
-0.187
1.868
-18.294
17.853
1.176
10.811
12.149
14.673
-4.385
-16.339
-17.320
18.306
-18.881
-11.922
9.597
6.083
9.193
8.672
-13.308
13.080
9.653
-0.122
19.502
-6.012
-8.759
12.948
-13.989
-1.897
-0.617
-5.141
-1.855
-16.123
10.624
-8.505
-11.358
-4.350
-15.786
16.427
15.870
16.222
-3.502
-15.220
0.394
6.354
-0.298
-2.378
-15.364
5.224
-13.724
2.516
9.093
18.708
-6.934
-10.899
-19.775
-0.550
10.327
19.296
0.816
1.570
-5.539
-12.438
-18.184
-1.628
10.597
1.240
-2.131
-10.213
-3.376
-2.801
-15.513
18.322
17.188
-11.754
-10.858
-2.225
4.116
7.586
1.786
-8.281
-10.138
0.022
-8.799
7.465
5.078
2.149
-13.567
14.284
-12.096
4.486
6.385
2.333
-1.916
17.088
10.322
0.471
9.484
13.827
-19.245
-3.265
-4.651
-9.058
-6.339
17.128
15.423
-18.558
3.069
4.697
-9.637
-3.559
13.445
8.693
-2.160
-5.850
4.122
-19.152
8.750
17.632
13.872
3.424
-8.166
17.685
-11.576
12.443
17.729
19.805
18.364
18.913
-17.934
-16.435
-4.365
-3.316
-5.334
19.187
-3.109
12.476
-18.610
18.497
11.397
-4.737
5.477
-11.779
-9.770
-13.906
16.358
-11.497
12.022
7.119
-11.989
11.217
-17.967
5.857
0.087
13.657
-6.251
-1.677
10.893
14.709
-18.406
-0.781
-1.983
2.428
-4.277
19.841
-11.981
0.556
19.231
-13.301
-18.241
1.986
16.341
1.187
16.673
-10.761
4.149
-15.527
17.646
7.185
-6.166
-10.325
17.910
-14.734
1.624
9.565
7.400
-3.113
-19.117
-3.563
-8.172
18.240
-19.655
-1.572
-5.435
1.387
7.299
-0.057
14.250
-17.306
-12.614
13.140
-9.180
-2.786
18.368
4.399
16.440
3.802
10.446
18.347
-10.468
-17.230
8.638
-5.755
13.958
10.791
5.750
-4.528
-13.146
7.396
11.419
11.954
-1.374
15.295
-9.374
-2.820
-6.554
2.447
-18.838
-2.327
-6.454
3.955
-3.552
4.332
6.413
-1.226
-19.463
1.138
-13.488
-10.862
-4.201
-1.057
18.230
-12.982
-9.983
-9.575
6.776
-4.272
1.350
19.635
-6.626
-17.604
-19.027
12.085
-18.540
-0.319
15.861
-16.999
-11.916
-0.706
-0.126
-8.442
3.451
16.370
7.897
-14.091
12.996
-17.579
-3.554
-4.350
-11.108
-0.080
12.040
12.404
7.335
-17.425
19.297
16.035
11.502
15.896
-6.072
-3.072
19.388
-11.522
1.463
17.762
2.371
3.340
-0.007
7.271
-8.169
-15.971
2.401
-0.006
4.059
3.876
-6.415
10.506
13.614
-5.357
-18.501
-7.392
-15.036
-5.220
-4.697
-7.007
16.445
2.525
19.359
1.538
-16.616
-1.715
1.262
7.290
9.339
-10.935
2.581
-19.082
1.096
12.529
-0.405
-4.081
-15.591
17.598
-14.638
-19.598
5.834
-10.362
-3.440
-14.785
-10.264
5.342
14.906
12.827
19.324
2.631
-9.395
-4.379
0.811
-2.997
-11.486
-18.879
6.241
-9.450
-5.455
-15.953
-17.954
-17.927
-13.824
17.510
-3.764
4.930
14.146
-15.929
-11.395
19.917
-18.327
5.189
-0.445
15.640
15.775
15.820
-1.503
18.809
-1.106
-18.046
16.412
2.039
13.008
15.155
-9.675
16.214
-4.476
2.920
-3.067
10.776
-15.049
9.536
-1.057
-13.196
-7.869
13.930
15.029
-19.187
-17.712
-18.283
8.673
12.750
14.245
19.672
18.623
6.790
10.447
17.577
18.076
0.291
9.238
5.317
-9.516
6.293
-0.771
11.430
-1.731
1.750
8.473
2.989
-2.535
-17.712
-4.532
10.522
11.533
14.244
0.717
11.696
-17.072
-12.198
1.622
-1.875
12.751
17.750
-4.002
2.699
12.162
2.983
19.714
-18.824
18.006
-4.257
11.375
-13.103
-15.535
7.575
-12.217
-12.009
1.609
8.878
17.812
3.807
4.823
10.556
-3.639
9.370
5.796
10.915
6.185
-7.851
-7.853
-13.394
-4.653
-12.482
-12.014
10.517
-9.083
3.091
-14.087
1.806
-16.465
7.674
7.414
-17.562
0.696
15.300
-13.286
9.195
1.024
18.833
-16.884
-6.064
4.859
-3.583
14.708
-17.777
-6.227
-1.035
2.532
-13.897
-18.803
1.544
13.454
1.356
-10.627
-19.886
9.957
-10.837
-1.951
-14.572
-15.793
7.422
-9.240
-8.871
-2.289
5.573
15.918
14.697
7.354
-10.518
16.384
-4.940
-15.441
8.650
-8.921
-19.180
-8.855
-5.524
16.139
10.050
-16.376
15.743
0.627
0.265
-14.652
-17.638
0.547
-3.748
4.008
15.285
-8.116
2.435
19.762
16.620
-4.096
13.779
14.626
6.663
-3.768
15.468
1.649
9.392
-15.008
9.428
14.571
-11.928
0.974
0.443
-0.865
6.136
-19.299
-11.078
17.374
-2.531
-8.887
-15.870
10.611
12.244
-14.407
0.911
-14.649
-5.421
4.051
13.535
15.426
12.919
4.411
-17.108
-13.370
7.331
10.005
-7.585
-11.068
-10.185
14.705
-2.919
18.635
-17.420
5.727
12.339
0.798
17.355
-4.738
0.691
10.017
3.649
10.401
5.091
18.987
-6.633
9.605
5.977
-4.036
-5.815
-7.768
-3.993
-9.283
2.936
-8.884
-5.373
-5.240
-14.732
-13.091
17.936
-6.969
5.837
9.274
-15.715
-18.403
-11.551
7.361
11.280
13.600
12.026
16.263
6.912
-18.492
-6.004
18.952
13.245
10.473
16.485
-11.460
3.871
-2.340
-2.057
13.091
-1.493
15.260
17.156
9.793
3.958
-14.480
8.792
7.884
17.549
0.430
-12.488
-15.702
-10.843
-13.218
13.978
18.190
18.924
-19.764
-12.889
-14.523
-18.721
-15.234
-19.634
-17.899
17.352
0.860
0.411
-10.383
-4.386
-16.065
-9.530
-8.353
-1.135
9.058
18.757
-16.157
11.231
7.825
-13.655
15.539
2.166
-1.637
11.793
-0.092
2.719
1.961
1.255
-2.511
17.314
1.165
14.915
-16.661
3.690
-4.136
12.494
-7.610
-16.083
15.802
-9.728
-5.478
-7.370
16.895
-18.485
-3.173
19.497
4.242
7.849
5.720
15.271
19.997
11.347
7.789
-18.918
-11.939
-17.517
-18.064
-16.077
-17.256
2.826
18.823
6.866
-5.972
4.326
18.122
10.239
6.454
-17.740
-3.736
3.970
12.073
-17.028
19.324
9.683
11.152
-2.285
-5.471
14.650
1.105
0.015
0.663
-13.662
-14.126
-12.626
1.228
-7.500
14.872
-9.291
-19.990
-5.091
-3.475
-5.861
1.511
5.633
0.660
-11.496
9.545
-17.007
-15.759
8.009
-2.574
-19.437
8.815
-9.018
17.879
-16.770
11.541
-13.205
17.610
-10.238
14.101
-5.269
-4.799
-1.967
-3.198
18.951
4.879
2.517
14.372
15.834
-0.258
-3.018
17.102
15.854
5.484
17.112
12.534
-17.937
6.030
8.877
14.655
-9.221
-19.964
-13.116
0.005
-4.117
15.146
5.970
-16.272
17.476
-5.868
-16.833
17.803
-18.254
10.884
-16.111
15.100
5.222
-18.965
6.111
15.246
-16.731
6.643
11.236
-5.452
5.871
17.407
-12.906
-7.103
-0.174
16.647
-10.892
-17.105
-1.210
13.067
7.958
2.457
1.257
-1.923
11.221
-1.939
4.955
-15.700
1.592
6.557
-3.117
-11.075
-2.393
-17.748
-9.588
-3.874
-2.432
-0.259
-14.765
-3.627
-13.053
17.980
-15.403
4.431
17.956
0.937
12.617
18.341
9.961
14.463
-10.602
-12.457
2.759
-1.536
-17.037
-19.142
-7.133
-15.931
-14.807
-5.735
18.941
11.067
12.967
9.346
-15.934
-5.416
-15.109
8.110
-8.864
-7.454
0.078
9.769
4.485
-16.298
0.037
-14.009
-17.291
0.216
13.989
-11.216
-7.483
17.298
-3.107
17.916
5.081
-12.855
-9.402
8.388
12.765
-19.931
18.682
-13.051
-6.770
-5.115
0.967
19.871
-2.304
-8.042
16.136
-5.963
-15.816
12.612
-10.729
19.099
-19.495
0.781
6.754
0.185
-12.647
-13.245
6.966
-13.188
-7.482
10.224
12.497
-0.669
10.917
14.824
-18.515
-1.969
8.418
-6.167
13.916
9.233
-17.058
-5.035
11.518
11.061
-3.458
-0.646
-13.727
-1.816
-17.996
3.521
-7.282
7.428
-4.462
9.884
-1.191
-17.711
1.990
-18.317
3.536
-10.554
-11.221
12.853
-12.353
2.401
8.371
12.778
15.382
16.469
-17.160
-10.650
-14.251
-0.359
-13.549
-11.374
15.802
3.252
-16.538
-12.343
-12.790
-14.855
-5.226
9.275
6.386
13.351
15.095
-9.539
6.948
11.591
17.322
1.585
3.785
19.278
-2.139
-18.046
-1.697
-11.732
-4.115
19.194
3.120
2.081
5.952
8.157
7.959
-19.078
9.340
17.277
-6.144
18.819
11.695
19.554
-6.221
15.499
6.710
8.683
-7.879
-13.810
15.175
17.126
-14.706
17.259
6.290
12.397
5.375
-9.585
-8.361
1.727
-10.048
6.215
-9.175
-13.218
5.564
-15.002
-9.485
-12.980
16.529
-8.412
2.343
6.420
12.699
14.555
0.671
6.283
10.298
9.150
-2.054
-14.971
-8.433
5.970
12.070
-18.168
-11.012
-11.146
-12.344
-9.938
7.850
-14.452
13.058
9.830
19.569
-1.115
5.983
13.779
-12.134
-18.243
-12.079
-18.098
-13.441
-19.276
-14.682
5.105
-15.281
12.867
-6.830
-11.162
16.286
5.322
-6.167
-7.271
10.503
-18.377
9.255
2.197
-10.960
-14.371
9.321
-2.464
-1.942
-9.933
-16.832
15.391
-6.776
1.955
-6.241
0.099
9.949
17.192
-17.761
6.497
8.786
-6.270
18.175
3.753
-13.577
11.526
-17.319
5.953
19.689
-13.911
1.734
2.043
-10.878
11.184
8.967
-14.771
12.427
-19.177
-11.580
4.868
6.544
5.634
-17.686
18.934
14.901
-5.494
7.469
-4.907
13.028
8.141
-2.316
16.316
-3.999
16.871
1.642
7.786
15.728
7.266
4.573
-11.319
-14.612
-13.478
-11.151
-18.348
15.345
-17.014
3.921
0.815
9.259
-17.662
-6.109
-2.052
-5.784
5.877
-1.759
-6.393
-15.678
-10.504
4.473
18.650
6.585
-15.219
18.650
7.185
-17.684
14.248
3.277
-0.681
18.495
-12.942
-0.637
19.517
13.803
1.417
-7.654
-19.791
-14.040
-1.407
-3.306
-15.324
18.798
-11.258
-10.693
-11.422
-3.917
10.684
6.626
9.639
-0.754
-14.080
6.634
16.077
2.498
-2.625
-3.839
-12.205
16.842
-13.699
1.333
-2.614
10.589
16.327
-7.684
6.607
3.285
-3.539
1.611
-1.105
17.847
-11.781
4.988
16.811
-8.318
6.126
7.477
-13.130
-0.364
5.704
5.686
12.325
1.465
5.943
14.526
-16.315
-15.688
-8.000
-19.381
-2.512
16.915
4.654
19.013
2.220
-6.276
-4.786
5.667
-6.255
-7.377
-16.530
13.558
-1.258
-12.509
11.935
-9.268
-6.518
2.844
-10.458
3.897
-8.879
-14.333
-13.176
-1.616
-0.503
-13.339
19.320
-4.534
-2.269
-18.003
-5.979
-13.888
13.361
7.213
10.045
4.846
-2.764
9.776
5.504
-5.614
-4.094
-13.360
3.223
7.719
-16.592
11.967
3.777
-8.771
-2.741
4.499
-3.062
-6.488
9.882
-0.439
8.001
-18.472
0.612
14.477
-13.185
-7.694
15.565
-9.233
-3.777
17.347
-15.657
1.491
-7.064
-8.474
8.554
10.596
-10.906
-8.555
-3.841
-17.979
-2.889
8.743
7.666
-9.747
-15.067
7.648
-9.942
9.966
-15.171
6.198
-6.247
-10.294
-19.852
6.555
-16.080
14.814
-15.592
14.792
6.302
0.217
-9.475
11.558
14.004
-19.724
13.415
-9.526
-0.902
7.688
13.812
11.813
11.000
6.010
-10.886
2.524
7.192
-2.732
-3.134
7.175
13.648
-2.818
-12.262
-14.924
14.081
-15.696
-15.799
-4.978
2.537
-18.280
13.950
11.945
2.895
2.187
-17.171
9.221
18.618
11.323
12.442
3.276
-3.621
-6.962
2.928
7.969
15.099
-13.075
14.494
11.777
-16.028
1.552
-3.940
17.395
16.321
19.227
-13.882
14.733
-17.428
2.440
14.700
6.907
6.318
-16.066
6.973
4.846
16.997
-12.210
3.591
13.188
-14.788
-3.822
4.757
9.407
19.168
7.624
0.461
1.820
6.971
7.662
15.755
17.626
6.833
-19.168
14.658
-10.468
17.928
9.879
-10.421
-0.757
-11.741
-2.881
-11.978
5.408
-12.138
-0.647
12.727
-19.337
-9.956
0.129
-16.641
18.489
-6.297
-16.105
12.285
10.143
2.158
-8.373
10.943
-15.703
5.274
7.793
6.410
13.664
-6.372
-4.007
15.035
12.051
-19.092
-15.603
19.883
-7.827
-12.268
13.370
-12.439
13.236
-1.789
15.082
-3.682
10.629
-18.160
12.481
14.815
-6.206
-1.825
4.097
-1.458
2.195
-15.666
-12.932
-6.160
-19.642
-11.928
-8.493
3.974
8.534
16.775
-19.844
-12.743
-7.498
-13.047
17.676
11.536
-16.739
17.199
-2.649
-12.539
15.848
12.817
-15.125
-16.316
-16.417
-16.174
18.249
19.450
-1.287
-2.791
-5.645
-17.721
10.275
-10.071
8.757
1.380
-2.787
-3.512
5.046
-15.608
-10.273
-0.920
-12.186
3.984
18.413
-7.961
14.475
6.769
-7.798
-8.508
18.677
16.745
13.559
10.704
-0.275
17.830
-17.238
-3.651
-12.154
18.888
8.773
-16.834
1.420
17.470
-9.381
-13.708
11.085
0.097
-15.628
-12.701
-16.821
-8.970
7.612
-11.842
-15.204
17.909
-4.568
16.319
-5.137
5.089
4.415
-11.859
-4.640
-14.030
12.138
12.714
-4.658
15.664
-6.261
3.186
8.273
-9.929
-1.523
-10.503
-11.916
-18.830
-16.134
6.960
12.989
-13.266
4.699
12.595
-6.213
12.143
6.036
0.014
10.695
11.544
-7.959
-5.033
0.247
16.957
17.867
-18.563
19.470
0.941
6.761
-7.204
-14.818
16.440
2.192
-13.138
4.405
-5.852
-1.661
-17.630
4.246
11.105
12.119
-15.125
15.861
-17.676
-15.164
12.009
1.741
-2.769
9.607
2.090
-11.868
1.236
-19.781
12.956
2.734
17.290
-9.590
15.001
10.706
7.426
18.228
-2.020
4.910
13.223
10.022
14.080
-14.102
17.560
13.854
-3.718
11.724
-16.170
-12.422
-9.756
3.946
-5.583
-4.948
18.686
2.561
19.336
7.093
8.712
17.591
6.921
-12.596
-15.257
-1.105
0.609
12.440
-4.348
-18.110
-6.276
-0.866
-6.322
4.816
11.078
10.959
7.507
-16.752
13.478
7.230
15.771
-8.385
12.740
3.574
11.907
-0.308
19.249
-12.773
0.339
-6.680
17.269
-18.101
-1.765
-16.388
-4.829
-11.098
-8.106
-9.147
19.435
12.230
18.752
1.857
8.398
-14.881
12.612
6.396
9.191
-14.244
3.734
-17.495
5.006
13.703
-12.916
5.772
-4.971
-7.152
-9.244
18.296
13.044
15.558
-3.857
-8.729
9.343
11.280
19.354
3.475
15.868
-13.823
19.318
18.406
17.534
-17.940
14.279
-16.262
10.992
7.074
-9.528
-0.589
-10.535
8.923
-12.401
6.842
1.449
-15.179
-11.864
3.428
-8.532
-5.674
-1.031
10.380
15.568
19.295
-9.806
16.893
3.180
7.926
-11.824
11.167
5.074
-0.406
11.722
13.675
18.207
-11.086
-5.512
-6.835
-1.987
-0.216
-2.463
3.017
-19.855
-9.467
5.663
-4.942
-11.185
6.438
1.817
16.316
12.525
0.100
-14.599
10.824
2.574
-3.713
3.752
6.545
14.884
-17.285
-7.907
15.143
1.868
-16.829
2.097
7.682
9.897
10.928
5.459
-5.060
-4.145
12.959
19.010
-7.179
-2.995
-1.389
-8.478
-14.526
-16.870
19.663
13.425
-14.553
-6.443
5.707
4.044
-17.318
18.260
-10.870
2.295
11.532
3.067
12.618
-13.353
-10.432
3.395
19.797
-9.965
-2.208
-17.785
-1.266
10.630
15.533
-16.153
-12.348
1.816
11.718
-12.887
